Type	POS	Headword	Rank	Freq_Tar	Freq_Ref	Range_Tar	Range_Ref	NormFreq_Tar	NormFreq_Ref	NormRange_Tar	NormRange_Ref	Keyness (Likelihood)	Keyness (Effect)
и	None	None	1	12558	9665	10	1	54305.100	34000.324	1.000	1.000	1266.048	0.099
на	None	None	2	4521	4644	10	1	19550.355	16337.041	1.000	1.000	75.042	0.038
не	None	None	3	3978	4324	10	1	17202.237	15211.319	1.000	1.000	31.786	0.033
что	None	None	4	3333	3372	10	1	14413.035	11862.296	1.000	1.000	64.302	0.028
он	None	None	5	3176	1413	10	1	13734.113	4970.766	1.000	1.000	1117.596	0.027
а	None	None	6	2771	2033	10	1	11982.755	7151.853	1.000	1.000	320.226	0.023
я	None	None	7	2516	836	10	1	10880.047	2940.949	1.000	1.000	1271.848	0.021
как	None	None	8	2076	1778	10	1	8977.336	6254.793	1.000	1.000	126.499	0.018
но	None	None	9	1662	1484	10	1	7187.058	5220.536	1.000	1.000	80.759	0.014
то	None	None	10	1509	1429	10	1	6525.434	5027.053	1.000	1.000	50.214	0.013
у	None	None	11	1428	888	10	1	6175.162	3123.879	1.000	1.000	264.345	0.012
все	None	None	11	1382	1083	10	1	5976.242	3809.866	1.000	1.000	124.880	0.012
было	None	None	13	1261	781	10	1	5452.997	2747.465	1.000	1.000	235.613	0.011
за	None	None	13	1249	1145	10	1	5401.104	4027.974	1.000	1.000	51.679	0.011
она	None	None	15	1130	483	10	1	4886.508	1699.137	1.000	1.000	418.962	0.010
они	None	None	15	1168	698	10	1	5050.833	2455.481	1.000	1.000	237.375	0.010
его	None	None	15	1148	1076	10	1	4964.346	3785.240	1.000	1.000	41.015	0.010
сказал	None	None	18	1032	143	10	1	4462.722	503.057	1.000	1.000	956.671	0.009
так	None	None	18	1083	864	10	1	4683.263	3039.450	1.000	1.000	90.933	0.009
когда	None	None	20	889	537	10	1	3844.341	1889.102	1.000	1.000	176.097	0.008
очень	None	None	21	761	369	10	1	3290.825	1298.098	1.000	1.000	232.284	0.007
был	None	None	21	762	613	10	1	3295.149	2156.461	1.000	1.000	61.716	0.007
незнайка	None	None	23	692	0	10	0	2992.445	0.000	1.000	0.000	1110.646	0.006
всё	None	None	24	555	38	10	1	2400.010	133.679	1.000	1.000	653.413	0.005
тут	None	None	24	549	166	10	1	2374.064	583.968	1.000	1.000	303.371	0.005
меня	None	None	24	530	173	10	1	2291.902	608.593	1.000	1.000	271.543	0.005
потом	None	None	24	551	193	10	1	2382.713	678.951	1.000	1.000	261.788	0.005
него	None	None	24	589	224	10	1	2547.038	788.005	1.000	1.000	254.247	0.005
вот	None	None	24	541	255	10	1	2339.470	897.060	1.000	1.000	172.852	0.005
ему	None	None	24	558	291	10	1	2412.983	1023.703	1.000	1.000	149.792	0.005
папа	None	None	31	457	30	9	1	1976.225	105.536	0.900	1.000	543.546	0.004
мне	None	None	31	436	215	10	1	1885.414	756.344	1.000	1.000	129.235	0.004
под	None	None	31	434	342	10	1	1876.765	1203.115	1.000	1.000	38.230	0.004
была	None	None	31	448	373	10	1	1937.306	1312.170	1.000	1.000	31.119	0.004
даже	None	None	31	487	419	10	1	2105.955	1473.992	1.000	1.000	28.827	0.004
были	None	None	31	469	402	10	1	2028.117	1414.188	1.000	1.000	28.296	0.004
нильс	None	None	37	388	2	9	1	1677.845	7.036	0.900	1.000	599.747	0.003
элли	None	None	37	370	0	10	0	1600.007	0.000	1.000	0.000	593.558	0.003
ещё	None	None	37	354	20	9	1	1530.817	70.358	0.900	1.000	435.609	0.003
мама	None	None	37	357	25	10	1	1543.790	87.947	1.000	1.000	417.767	0.003
сказала	None	None	37	327	45	10	1	1414.060	158.305	1.000	1.000	303.639	0.003
вдруг	None	None	37	357	80	10	1	1543.790	281.431	1.000	1.000	251.799	0.003
тоже	None	None	37	389	148	10	1	1682.169	520.646	1.000	1.000	167.742	0.003
совсем	None	None	37	293	99	10	1	1267.033	348.270	1.000	1.000	144.690	0.003
стал	None	None	37	351	142	10	1	1517.844	499.539	1.000	1.000	139.979	0.003
нибудь	None	None	37	307	117	10	1	1327.573	411.592	1.000	1.000	132.079	0.003
сразу	None	None	37	302	117	10	1	1305.952	411.592	1.000	1.000	127.309	0.003
теперь	None	None	37	313	167	10	1	1353.519	587.486	1.000	1.000	80.432	0.003
потому	None	None	37	341	239	10	1	1474.601	840.774	1.000	1.000	45.302	0.003
раз	None	None	37	338	244	10	1	1461.628	858.363	1.000	1.000	40.885	0.003
да	None	None	37	292	210	10	1	1262.708	738.755	1.000	1.000	35.752	0.003
всех	None	None	37	301	226	10	1	1301.627	795.041	1.000	1.000	31.826	0.003
пестренький	None	None	53	250	0	10	0	1081.086	0.000	1.000	0.000	400.981	0.002
пух	None	None	53	267	3	9	1	1154.600	10.554	0.900	1.000	398.862	0.002
мишка	None	None	53	248	0	9	0	1072.437	0.000	0.900	0.000	397.772	0.002
кнопочка	None	None	53	227	0	10	0	981.626	0.000	1.000	0.000	364.078	0.002
муми	None	None	53	215	0	9	0	929.734	0.000	0.900	0.000	344.826	0.002
пятачок	None	None	53	182	1	9	1	787.030	3.518	0.900	1.000	280.661	0.002
снова	None	None	53	288	50	10	1	1245.411	175.894	1.000	1.000	238.119	0.002
её	None	None	53	218	21	10	1	942.707	73.876	1.000	1.000	232.383	0.002
прямо	None	None	53	255	41	10	1	1102.707	144.233	1.000	1.000	219.642	0.002
увидел	None	None	53	221	39	10	1	955.680	137.197	1.000	1.000	181.043	0.002
голову	None	None	53	198	36	10	1	856.220	126.644	1.000	1.000	159.462	0.002
будто	None	None	53	215	46	10	1	929.734	161.823	1.000	1.000	156.484	0.002
глаза	None	None	53	232	58	10	1	1003.248	204.037	1.000	1.000	150.870	0.002
дома	None	None	53	230	68	10	1	994.599	239.216	1.000	1.000	129.696	0.002
наконец	None	None	53	232	70	10	1	1003.248	246.252	1.000	1.000	128.359	0.002
ним	None	None	53	287	115	10	1	1241.086	404.556	1.000	1.000	115.884	0.002
долго	None	None	53	178	47	10	1	769.733	165.340	1.000	1.000	110.777	0.002
про	None	None	53	196	59	10	1	847.571	207.555	1.000	1.000	108.671	0.002
стали	None	None	53	225	85	10	1	972.977	299.020	1.000	1.000	97.822	0.002
день	None	None	53	244	100	10	1	1055.140	351.788	1.000	1.000	95.618	0.002
опять	None	None	53	180	57	10	1	778.382	200.519	1.000	1.000	95.013	0.002
вокруг	None	None	53	182	70	10	1	787.030	246.252	1.000	1.000	77.395	0.002
быстро	None	None	53	178	69	10	1	769.733	242.734	1.000	1.000	74.958	0.002
мог	None	None	53	198	87	10	1	856.220	306.056	1.000	1.000	70.376	0.002
чуть	None	None	53	177	73	10	1	765.409	256.805	1.000	1.000	68.764	0.002
ничего	None	None	53	284	173	10	1	1228.113	608.593	1.000	1.000	55.050	0.002
ты	None	None	53	260	154	10	1	1124.329	541.754	1.000	1.000	53.768	0.002
никто	None	None	53	176	87	10	1	761.084	306.056	1.000	1.000	51.913	0.002
ней	None	None	53	179	96	10	1	774.057	337.717	1.000	1.000	45.525	0.002
перед	None	None	53	237	146	10	1	1024.869	513.611	1.000	1.000	44.717	0.002
ей	None	None	53	174	99	10	1	752.436	348.270	1.000	1.000	39.275	0.002
ведь	None	None	53	259	188	10	1	1120.005	661.362	1.000	1.000	30.759	0.002
страшила	None	None	85	163	0	10	0	704.868	0.000	1.000	0.000	261.406	0.001
дровосек	None	None	85	139	1	10	1	601.084	3.518	1.000	1.000	212.222	0.001
соня	None	None	85	129	0	9	0	557.840	0.000	0.900	0.000	206.869	0.001
неё	None	None	85	137	2	9	1	592.435	7.036	0.900	1.000	201.144	0.001
иа	None	None	85	125	0	9	0	540.543	0.000	0.900	0.000	200.453	0.001
винни	None	None	85	125	0	9	0	540.543	0.000	0.900	0.000	200.453	0.001
мартин	None	None	85	121	0	9	0	523.246	0.000	0.900	0.000	194.038	0.001
лев	None	None	85	146	7	10	1	631.354	24.625	1.000	1.000	185.608	0.001
мадс	None	None	85	102	0	9	0	441.083	0.000	0.900	0.000	163.564	0.001
дверь	None	None	85	163	19	10	1	704.868	66.840	1.000	1.000	162.207	0.001
спросил	None	None	85	163	20	10	1	704.868	70.358	1.000	1.000	158.924	0.001
гуси	None	None	85	98	0	9	0	423.786	0.000	0.900	0.000	157.149	0.001
робин	None	None	85	95	0	9	0	410.813	0.000	0.900	0.000	152.338	0.001
нильса	None	None	85	95	0	9	0	410.813	0.000	0.900	0.000	152.338	0.001
пошёл	None	None	85	94	0	9	0	406.488	0.000	0.900	0.000	150.734	0.001
кристофер	None	None	85	93	0	9	0	402.164	0.000	0.900	0.000	149.130	0.001
